Simulation with parameters
N: 128
Num Steps: 100
Interval :1000
Fluctuations at x=0: 
64, 64, 65, 64, 64, 65, 65, 62, 63, 64, 64, 65, 64, 64, 62, 64, 64, 63, 63, 64, 62, 63, 64, 63, 63, 65, 65, 66, 64, 63, 63, 63, 64, 62, 63, 65, 65, 63, 63, 64, 64, 65, 64, 64, 63, 63, 65, 63, 66, 65, 66, 65, 64, 63, 65, 65, 66, 62, 65, 64, 64, 64, 64, 64, 63, 64, 64, 65, 65, 65, 63, 63, 65, 65, 64, 64, 64, 65, 63, 62, 63, 65, 64, 65, 63, 64, 64, 64, 64, 65, 64, 65, 62, 64, 64, 64, 64, 62, 63, 63, 
Corrolations at x=0: 
0.97, 0.57, 0.48, 0.38, 0.29, 0.21, 0.23, 0.34, 0.29, 0.19, 0.16, 0.11, -0.04, 0.13, 0.08, 0.04, 0.08, 2.42861e-17, -0.01, -0.09, -0.03, -0.07, -0.02, -0.16, -0.05, -0.14, -0.13, -0.02, -0.06, -1.73472e-18, -0.05, -0.17, -0.17, -0.12, -0.26, -0.13, -0.19, -0.05, -0.14, -0.19, -0.14, -0.04, -0.24, -0.25, -0.2, -0.31, -0.36, -0.34, -0.32, -0.19, -0.21, -0.12, -0.11, -0.16, -0.01, -0.07, -0.11, -0.14, -0.13, -0.05, -0.1, -0.04, -0.11, 0.04, 0.07, 0.01, -0.09, 0.05, -0.03, -0.05, -0.05, -0.09, -0.23, -0.12, -0.03, -0.03, -0.17, -0.04, 0.03, 0.11, 0.01, -0.06, -0.07, -0.16, -0.03, -0.13, -0.07, -0.19, -0.05, -0.05, -0.17, -0.15, 0.01, -0.12, 0.07, 0.03, 0.24, 0.15, 0.18, 0.04, 0.02, 0.02, -0.06, -0.01, -0.06, 0.08, 0.01, -0.09, 1.04083e-17, 0.05, -0.09, -0.11, 0.09, 0.03, 0.01, 0.09, 0.07, 0.14, 0.19, 0.04, 0.21, 0.18, 0.22, 0.26, 0.37, 0.31, 0.32, 0.38, 
Took 11.3815seconds.

